33,1
33,3
67,3
67,2
67,1
67,0
66,3
66,2
66,1
66,0
65,3
65,2
65,1
65,0
64,3
64,2
0,9
64,1
64,0
25,1
25,3
63,52
63,51
63,50
63,49
63,48
63,47
63,46
63,45
63,44
63,43
63,42
63,41
63,40
63,39
63,38
63,37
63,36
63,35
32,1
32,3
3,2
3,1
3,3
10,229
10,273
10,301
10,167
10,259
10,299
10,83
10,131
10,2
10,3
11,7
11,9
11,10
11,28
11,29
11,2
11,3
9,7
9,5
9,2
9,3
8,15
8,8
8,13
8,4
8,2
8,3
12,2
12,1
12,3
20,2
20,1
20,3
19,2
19,1
19,3
62,3
62,2
62,1
62,0
51,4
51,3
51,2
51,1
51,0
37,3
37,2
37,1
37,0
36,3
36,2
36,1
35,3
35,1
34,1
34,4
32,2
11,22
11,21
11,19
11,18
11,11
11,1
11,5
10,296
10,150
10,98
